020294
179427
023999
138391
104869
146174
156238
089419
094710
190021
126325
161437
109404
025101
085910
085327
154323
124250
043169
154565
144490
094223
001857
176212
001657
021418
144467
034833
055355
056536
109525
110564
020348
079466
046808
115597
044134
093523
006158
026036
037741
052811
032871
181368
188329
087881
172593
134312
191922
032318
068318
037680
169906
022331
063727
047376
016888
092161
121787
152310
150953
051799
101269
105367
171954
127227
029588
113932
059321
063904
172223
045376
089313
035414
034191
012272
042355
194171
153152
048546
044918
091359
087163
139062
114558
075181
022153
142106
076147
047238
156559
116904
132430
179604
098145
093716
130859
141574
045053
163245
142893
050074
137686
075599
124748
153931
100753
087266
178499
136229
152505
109277
136213
075420
031670
014688
133337
194428
121277
134488
151281
177722
103018
026056
175124
176312
158190
182089
117191
088843
124263
031368
139307
150295
166843
122232
032207
037959
040371
194267
036617
178728
098276
140413
035308
009669
014967
005856
015045
182418
069825
177129
021730
012062
157433
097968
050494
058920
137706
009796
187069
107262
040296
032445
116623
081730
060514
014851
108691
161285
100192
151084
107532
135727
031808
144820
137833
083437
027896
032050
174972
118409
114452
151753
084420
169002
051418
157156
061073
052970
118855
036021
085765
079793
081855
202327
035944
096606
043728
198247
138325
060823
086294
060604
032083
003935
163158
152623
124244
015851
145009
004175
050414
087705
198424
092567
133647
125094
034464
021957
056748
146992
044828
185867
124786
200459
091569
008478
119699
201147
197393
059726
016641
082949
182674
070253
139361
057701
144447
137211
058572
183071
023996
101170
154905
131319
133904
059780
031316
202334
160028
138536
000539
020790
078206
003505
146406
195258
084217
096439
096409
048937
162049
175490
131098
087903
107318
157594
040621
119249
059557
027549
025548
032034
140946
137523
194862
184650
182938
193154
201945
143501
164142
071095
169994
121717
085714
190834
185932
150787
133010
088690
197345
190982
001208
139264
196579
191390
095822
102963
196239
093788
162769
010789
143823
138107
105218
034172
031560
154691
014640
115272
062861
035398
140106
150080
136537
113022
004080
027606
131810
195725
186474
098764
055834
026656
000183
103719
059785
117615
017950
189782
125797
142295
154952
080186
167007
038744
122458
012137
072980
146095
188213
167185
091798
197974
113906
023394
012548
068481
012491
052441
151209
151503
166914
074610
185452
178739
164357
155813
126480
177595
044005
115422
184497
071120
013407
088545
181064
091067
117098
032767
194880
108616
014060
170656
173318
038150
143427
042086
017112
057861
092957
032658
202342
017729
157440
008974
018213
168590
149628
131858
085563
054159
029166
175494
086868
009639
019593
044127
123508
109239
047035
048242
148213
098509
095693
008574
057613
159128
196412
037714
147778
177189
094058
119310
102284
088777
127747
069725
047671
075038
088395
087692
079497
033128
010405
158678
034258
004313
073982
155396
026891
171547
049697
179174
046737
069704
071385
032483
133867
082810
191147
034758
066530
168462
083464
183310
128637
159129
042421
054777
008818
026639
097339
156507
098670
169321
130925
146660
008268
161736
079261
057397
058951
168716
001154
098494
161351
031242
152423
157236
057302
022052
116204
108200
149548
026964
161035
039255
012555
098640
139077
115646
173037
012875
037173
010132
147779
190878
125685
092722
024629
194246
182757
158841
150865
152935
179298
099368
150917
035710
113736
184982
057108
124313
045284
003386
086760
076743
103213
108010
075851
026604
098741
044404
043750
063858
031754
179358
133391
052598
107388
118733
166589
060843
075953
038480
133679
041215
059446
034229
058229
082396
080213
080683
101677
117464
042584
033981
142109
152713
044946
196690
040943
082699
085566
133079
177312
096255
185975
027617
046896
005542
026803
060097
184325
003771
038187
093181
167973
152167
086266
182958
067986
039162
047394
047525
121107
187468
093115
063894
123848
078234
079330
115195
105488
181505
158500
201899
110677
183341
101318
129292
138262
202021
029423
075347
145273
065059
193079
089953
144452
197204
081374
157769
171388
036638
197533
074118
146490
096706
176381
103448
145893
034176
057124
039553
084128
162451
025015
061738
049398
094060
059574
111242
080427
157945
119974
079443
165032
144896
168372
045049
179778
094908
108606
094619
150365
009962
031929
084242
035376
088375
090179
172582
178421
040122
128657
115584
181126
147988
020032
002570
003157
077060
132103
082258
040051
103500
122168
015701
027512
022426
170766
115971
158322
023135
063963
026123
171245
108795
058582
157672
166758
119499
056930
195204
129378
160268
120858
030714
032739
033370
094152
081169
199004
154702
199765
145658
166872
137048
004357
137212
076753
195179
165968
035046
056791
119315
117900
120978
162572
069425
074146
170989
179122
029829
157918
006185
090227
176823
121339
161970
070851
010865
199778
064888
188267
160236
009767
031878
064787
019215
058691
002503
021704
111194
125725
147005
092899
135593
077654
167847
104484
084340
071441
056453
007190
048066
101398
117588
121861
147222
117888
086989
061819
109481
082868
189233
092407
127571
097780
098548
014121
190820
141725
187220
049279
139252
160974
019380
098308
018793
095826
094968
152913
136794
179297
084038
033392
198147
192595
021258
137193
106206
131780
071195
056423
033859
118848
138519
088954
031073
060627
183743
067529
074659
140717
057676
142207
019551
182732
011300
017158
038785
059746
119258
095954
193602
042661
129965
057197
198918
161602
001270
146804
138717
090359
186572
142452
187314
170101
064294
185682
002309
168714
053389
147939
013073
151287
099217
120095
038128
189527
147455
094221
048136
169225
123612
028448
063834
166422
199342
190825
135281
035742
201481
099440
126554
028218
180023
091439
098603
067415
180558
082753
187100
004190
147201
101486
005419
140611
138448
020002
002061
044089
114592
050364
155060
147099
098800
190967
138995
040308
041598
061479
181693
002610
055661
185750
142095
150227
163672
075925
026907
070739
015460
081785
019251
079278
001423
028940
190129
110891
198600
093111
044680
038229
090803
007273
183157
049357
061304
118956
041671
079288
150995
165908
010314
130748
090474
116853
187082
005694
094365
011766
150564
196581
158871
119495
168400
066070
131864
094160
127421
076636
068590
133087
098295
011512
029025
138471
164819
105378
153092
093562
016673
090898
020921
071945
130956
032891
125380
051607
054716
001975
173536
113848
202130
108571
043831
186153
167462
102315
023877
001110
072569
084656
117244
088178
023913
029566
146583
114524
116067
155686
122872
154534
020459
055791
125990
071474
019022
075913
054722
137042
011675
040148
011955
089654
136723
066000
188679
113960
085597
179029
160380
016250
035262
191001
060480
010616
139155
180844
166660
049712
045137
122131
125239
169791
127397
008131
146386
078982
064721
179446
006863
103969
010190
134845
096609
013968
098827
101493
113993
086259
110380
060210
130930
046913
070334
062677
154603
168433
181484
022405
173798
085068
173742
190819
093406
016423
115431
010855
011383
014517
118738
061388
028519
057706
038412
114573
178023
083734
195529
190632
111984
198354
118170
187401
182558
180388
199185
128407
200893
101952
013553
109173
028148
123104
003150
076446
103828
079804
066173
080455
050701
023232
114792
092903
074144
185094
048042
021556
115840
189223
197061
135440
197311
118549
175271
170133
052321
030903
141757
182636
025913
136582
020933
056969
007749
141827
039924
202133
053741
123844
133369
128100
134420
183013
047773
089852
102188
056157
112724
139304
132364
176693
119055
140857
020860
138604
043456
039623
032477
138504
091193
098727
165753
068198
168987
091371
140665
095607
029180
134215
109009
077053
035858
125713
066184
104730
150766
067400
012618
189700
012813
201580
200033
125095
115484
198027
202205
170274
194733
023053
036184
165628
155858
155986
159138
160689
049340
054485
152905
042460
189384
122965
081811
076189
102466
069286
058940
144036
079401
186619
098050
028402
087991
049189
001072
151670
084356
047995
011291
099654
190538
065385
199537
126732
050119
132836
055833
088611
027726
033349
152263
164824
200736
012838
091841
173066
192558
024926
153716
127413
099088
166949
006335
150325
200703
119252
138209
148110
001882
168891
098136
130806
184907
050274
134504
174260
159070
092863
031400
158633
044214
152178
090564
059026
184273
008561
173638
091932
127054
055317
035842
048987
188639
098134
011280
091974
121055
200865
151113
015120
188243
065544
131010
036335
041229
006073
168947
076549
084872
165609
191905
021307
142865
103595
182379
029548
060648
140604
169820
188694
176558
038304
192745
069369
056784
144836
048423
167568
192568
150332
057301
065051
041001
083808
046755
156348
005214
040172
022643
093212
049482
099686
175563
166973
172847
024203
175803
187689
166787
193764
088305
039377
122345
201844
154768
078890
108116
171903
058252
124307
088772
095406
153013
122473
133890
001327
047562
144674
040972
162904
015683
108212
200542
010491
159134
052367
060036
024575
176374
079381
081042
003511
172431
164184
138564
075430
139538
055843
091863
064964
175086
192832
059646
175927
127048
036925
187966
181385
049695
100272
076218
178114
193291
200868
161547
169600
126807
189518
045067
174273
120287
198876
106275
053734
059497
087789
077849
099853
054056
020609
184633
016263
166803
000099
088871
158325
091182
128270
017861
072504
112119
060852
189072
094978
119370
073829
070563
046790
009673
023377
088024
132885
032906
186245
005325
057015
037860
170012
135374
124344
091308
063132
051301
105697
027107
004568
138081
122324
029578
014474
061456
003631
146483
133247
187650
095353
085059
035170
012065
120579
007639
121611
066305
038210
041902
075165
112478
143409
016996
180013
020282
045829
074762
039674
100781
049658
051165
148375
009157
158427
100375
068862
010199
033600
102293
078229
174629
167184
111845
150630
107200
128106
153468
108170
110695
094012
029482
104951
021150
014151
013880
112143
124901
051547
094288
183257
135499
168689
018275
168357
140540
189734
008364
162012
029291
061403
199170
169420
165863
151261
050394
073459
086375
103867
093429
186948
083208
145304
033983
178131
133828
078038
107216
020060
061873
098565
182201
126883
176288
024599
193178
016979
159676
029170
178328
136460
167945
148961
109586
185022
004853
181622
172098
045938
005224
002389
174978
124802
074161
131951
077887
172614
132637
012620
098406
017634
103813
121177
117973
021010
106749
005941
047870
061976
146915
090415
153639
115554
049132
133269
077743
120980
095079
019084
016182
098153
067260
065207
073999
030505
024154
021478
061488
186413
168046
184221
095232
032490
159564
184396
043808
108072
126059
166856
006377
037191
003538
166466
085146
080153
024917
134274
079033
111967
170097
191636
069267
181332
039777
012871
015588
022047
152642
125440
012669
191362
192275
062904
072125
146934
033271
054579
099463
007830
184668
077355
126496
145251
045671
039363
124777
152165
105649
122277
008137
085385
188024
028552
153824
132372
086954
199816
172296
178770
001338
096785
144626
030440
057933
099065
088569
194425
116704
105296
057507
138443
143835
065166
062213
172280
101440
090955
021954
202012
022214
093552
185284
038093
158850
138981
115043
029779
052175
183995
107575
051992
085438
062460
004395
085164
088883
083485
082538
076857
063174
080703
010559
020406
052032
183055
087219
121088
001978
129865
064099
015708
005012
043283
182599
081639
014047
010115
199118
075774
126575
201109
108767
082705
120050
028368
179780
124277
100566
049318
052298
053225
172589
082997
130916
171699
147278
018692
075616
048031
129791
168054
075714
136856
009027
006512
025665
159872
149127
187332
012651
052463
180391
114915
147108
131525
098354
055434
010067
136685
166389
069989
095855
072458
090642
197777
096297
008483
037361
113165
063799
059795
043887
146621
010639
159704
116866
085194
033586
160106
111557
005843
054545
163411
074959
180691
190871
030135
044700
150348
100847
129622
000526
106241
008165
125851
038515
073690
040638
159224
129266
059420
045227
051981
087682
138880
056530
107993
117486
191475
122673
068194
030250
000069
167257
155949
026661
053926
123896
080180
147348
183830
016771
108380
181732
073154
034480
029713
114400
099314
072139
061994
051145
198920
044278
116388
031226
030371
184519
028299
177683
194132
090634
110087
009939
081471
081031
164746
087068
051486
149005
071953
006956
198746
031566
075510
160333
075402
057143
189880
201432
002365
055860
132039
163491
122732
200355
060911
103184
191409
001556
130770
155139
060433
110517
162597
078255
039254
090189
106899
057308
014980
087843
171390
124126
116683
199091
150275
079665
167667
164689
105650
088194
025551
087905
153155
085749
036789
152287
025695
157616
136085
097489
189667
091325
123788
026404
041249
092913
016537
093901
097354
143281
121075
155321
131339
146596
191643
008024
021715
169863
169413
072197
194774
082014
183882
183346
011226
050905
033474
195935
036633
097533
077518
105957
151474
053882
042143
049652
155762
146961
171137
143124
179051
055683
043214
074328
004622
127484
038555
066743
093766
008595
126241
146520
188989
145001
187368
013261
029310
117289
089923
073808
029814
184600
100917
112206
010794
045693
136402
137372
060734
162044
184610
173674
157698
087422
132666
146447
055961
193661
106808
056068
124270
076237
051507
091842
114819
182598
140236
104967
011698
069004
092339
177617
165871
174188
147646
074058
101215
067243
175506
039752
062721
121059
033962
175949
182116
194649
127204
070294
066861
072549
048484
111044
128829
179982
019150
010357
031655
202190
090756
091163
120910
140954
109358
102946
154328
069010
048859
121332
089074
032550
083919
058184
125973
119369
057692
196700
018655
189023
117906
080945
196173
044958
054856
009406
054294
018474
038201
013676
051095
050524
112003
186697
015726
032304
177758
040819
137322
167025
011290
129468
097922
004703
064545
068819
125256
128461
010776
055814
160399
063729
183364
154865
100993
115809
157179
116240
025568
007583
068843
058916
173164
042923
074729
053695
136776
128082
151072
007302
066880
189605
042377
035113
073169
109980
136161
198724
091417
069229
197780
023035
077740
044715
004916
091963
127476
026360
007358
138199
062144
091218
164182
101904
052983
163156
105037
126848
051621
175047
159304
124399
114193
152186
099767
046620
024338
038347
021595
013436
068734
159450
122961
198527
195996
195557
194552
200312
199870
061671
102060
046977
028099
099542
062876
101405
096767
078544
031474
016230
121841
178264
043012
048842
069783
041443
185559
053440
143411
022393
041360
157847
164238
088268
018883
121057
082919
071137
138603
130520
160050
150961
106720
054466
171371
168356
077397
152560
101208
070025
022673
042695
129020
015318
014429
195110
016730
088655
125616
025823
133797
003237
145677
058308
082357
176989
008183
038424
177455
160238
123711
138132
109410
016049
181261
091574
158660
016054
004626
004444
167624
133056
072361
195443
165175
039872
009849
051391
065126
033862
078917
075710
070682
165253
153878
195700
045113
159563
157385
067608
006231
002741
125594
004125
106718
057167
006551
095197
160172
025377
050938
184374
144374
087795
175470
081229
046634
045491
103316
003554
073332
116497
020635
063635
123616
070715
120198
048543
137139
025165
134429
032095
178461
180594
004944
190561
046157
113323
074934
166473
069347
170013
196473
019403
072150
060765
094612
050922
129675
081913
176939
091303
165641
152368
126064
027636
015920
179195
024343
076721
101464
093498
073104
010005
033807
168321
047999
022191
017128
099432
002486
075354
058980
007984
200574
125323
055291
072693
197108
163486
013194
044660
087030
128556
112234
200041
048882
161394
056094
031252
109997
185250
062696
081063
041416
012009
064781
127323
183326
173444
030963
169611
141028
126905
165421
038264
089433
098205
086607
030563
008763
042066
110326
011598
047868
042360
027772
190875
150210
067760
012284
159381
099404
129630
077034
126169
023850
019104
175403
127291
150645
146606
021790
070744
002236
003609
149079
157068
015615
086679
049735
089526
092860
090301
038716
022984
178595
165687
176658
130572
144153
063385
148174
028923
115144
112571
065944
168543
117046
011556
153404
111587
185298
143229
079911
138615
026021
067919
115579
124355
080119
150501
179109
186174
140280
048614
030350
144958
096639
109541
029602
059435
152926
164089
190815
122933
018921
159451
029192
155867
112005
159268
055110
141201
004350
026336
063815
182925
133722
087114
161580
144027
061667
067278
038450
003085
000456
089345
173285
066765
130092
040038
090438
159702
080368
121269
143690
035719
201463
057470
132371
043356
135073
156582
067984
163924
001333
131813
078414
178035
020867
123315
172088
177720
148498
148314
172384
093951
030476
197195
061077
107427
107644
143950
032404
175663
190668
173944
136012
125560
102415
104085
148252
191461
036138
145122
167424
166868
086580
111945
195467
142807
056119
178796
046609
116814
075671
026200
177094
187636
132417
125526
161698
069610
129462
116362
108406
018350
013755
067639
071148
063718
140486
093612
131762
096030
182603
099978
084925
135352
119887
008494
041555
189362
029579
153012
087949
164167
107787
142592
130526
179337
151223
050657
102366
197905
095149
047617
098410
102341
174134
094532
170466
048227
039830
016811
078978
133774
082399
189926
105712
166403
056767
092385
066974
090985
161858
146043
064809
020764
176396
156275
107811
129142
141920
202396
166354
100225
105465
131893
138747
184224
075278
129453
097680
085484
137783
116127
017452
096804
186058
140322
110684
176686
010988
094143
095582
154846
125624
039213
186093
021884
035156
187751
003178
126360
012458
088045
148747
108782
037353
089981
152850
146601
011753
075028
186049
066588
113610
099705
156457
098622
005396
157568
146289
084677
125540
048616
125962
041142
063696
030258
158653
091628
028408
063652
142130
162920
170023
129088
033464
016014
168130
099095
122202
001728
135515
021652
180671
190605
046362
002728
104331
168510
151660
177198
019855
058301
085962
178299
198690
035651
072058
198431
083767
010046
034883
097472
137217
007654
004978
099553
123524
082656
121370
163697
057804
193106
112547
130594
065650
110011
039710
167220
023172
150546
060341
132369
185373
038546
110039
105912
199721
170629
157035
143345
042942
088879
138333
156264
134950
027094
199027
056466
146589
059424
050527
174587
131467
135514
057654
067120
036558
145606
157538
177056
012696
119285
116435
028791
087303
161125
118779
001269
015547
004549
086727
187842
080564
127173
068293
159066
002408
068557
194223
026493
144124
052830
058492
108604
181597
006584
187905
006585
004111
115271
043444
053822
072898
184054
074388
086513
056710
171787
189146
044162
042186
139039
157205
084499
027786
010594
169522
032352
049384
004526
136928
142562
169984
114183
153746
082811
106824
125248
199521
146891
097810
038343
029445
105016
078356
113092
181088
078394
059639
178692
040684
104339
035288
052045
145058
164602
131214
024192
191068
201014
112405
017304
132512
193544
152146
172810
061932
091403
125827
189231
185194
147162
134559
114447
158084
121793
188145
168739
029823
165502
100221
196419
050638
122523
144973
028134
198361
094189
195658
151895
043774
104833
199209
129329
158021
108292
111628
157905
129930
040540
192013
106976
120342
047330
019186
089836
090627
102313
092868
083989
006867
022294
128515
192704
135806
091742
040603
003522
201536
026486
118284
107497
169019
049199
059444
025430
050283
112653
082392
152151
181595
045886
198145
058574
086206
080246
032747
068503
049192
155126
122861
121742
137430
114952
047595
121290
000022
156400
039458
029209
000758
172485
150791
119553
154018
008132
042665
080310
182043
068151
113415
155757
024017
149544
110603
007276
097087
133316
028495
039819
066343
149344
196219
191914
180930
136123
062387
105514
126616
022561
089726
162695
163274
182254
160545
025993
122315
147833
062594
107224
084248
072694
028085
046388
140854
065263
123513
097004
084548
012447
103243
132997
133597
188906
179068
015520
136307
098173
186510
011074
097872
129005
025247
113268
064000
066571
099775
094940
026029
000723
148505
137424
003128
175079
025960
099198
043554
056812
084714
157000
162558
048149
166834
094026
118246
107325
086520
043931
157325
125008
001337
095797
087958
122369
088966
016347
017268
079587
158131
191243
111550
160298
101412
002006
160295
066703
027676
021381
056350
079233
100560
003614
015538
075923
046615
075544
007405
026263
014665
095330
079435
170495
179595
163838
019498
071431
076009
134301
189943
131007
002191
082390
200723
087653
024803
005923
074450
098891
144843
028041
184520
161650
075197
041057
071235
007679
005019
171518
107065
079608
090122
131153
079400
076201
003166
132435
048460
107979
045411
086718
078112
064523
103910
061401
058421
023469
003147
149123
169891
021332
082275
128696
048306
072974
135903
098451
197283
075265
059132
161417
007664
119148
123384
119506
177559
189017
142624
152155
017955
045524
139681
054981
047951
175860
043334
158484
021065
011829
180564
168455
101909
016671
